My eigenvalues, vectors of A
val1 =  9
vec1 =

  -0.55709
   0.37139
  -0.74278

val2 =  10
vec2 =

  -0.40825
   0.40825
  -0.81650

val3 =  1.0000
vec3 =

   0.53452
  -0.26726
   0.80178

My SVD decomposition of A
U =

  -0.525644   0.850571   0.015089
   0.393298   0.227250   0.890884
  -0.754331  -0.474222   0.453981

S =

   68.41468    0.00000    0.00000
    0.00000    9.81904    0.00000
    0.00000    0.00000    0.13398

Vt =

   0.0018185   0.9543061   0.2988254
   0.8458448   0.1579339  -0.5095129
   0.5334259  -0.2536865   0.8069076

Check: U*S*Vt
ans =

    7.0000  -33.0000  -15.0000
    2.0000   26.0000    7.0000
   -4.0000  -50.0000  -13.0000

